1 2900 0
2 3000 500
3 3000 500
1 3703 0
2 3726 500
3 3726 500
1 4144 0
2 4284 300
3 4284 300
1 4760 0
3 4876 0
2 5050 0
4 5224 0
1 5445 0
3 5619 0
4 5781 0
2 5955 0
2 6153 500
3 6153 500
1 6698 0
2 6757 500
3 6757 500
1 7221 0
2 7279 300
3 7279 300
1 7755 0
3 7952 0
2 8185 0
4 8382 0
1 8579 0
3 8777 0
2 8962 0
4 9102 0
1 9346 0
2 9404 300
3 9404 300
1 9880 0
2 9973 300
3 9973 300
1 10344 0
2 10414 300
3 10414 300
1 10797 0
3 10983 0
2 11192 0
4 11389 0
1 11586 0
3 11749 0
2 11958 0
4 12120 0
1 12294 0
2 12376 300
3 12376 300
1 12782 0
2 12817 300
3 12817 300
1 13258 0
2 13316 300
3 13316 300
1 13746 0
3 13955 0
2 14175 0
4 14373 0
1 14582 0
3 14756 0
2 14965 0

2 15282 0
3 15282 0
4 15282 0
2 15461 0
4 15461 0
2 15640 0
4 15640 0
2 15819 0
4 15819 0
2 15998 0
4 15998 0
2 16177 0
4 16177 0
2 16356 0
4 16356 0
2 16535 0
4 16535 0
2 16714 0
4 16714 0
2 16893 0
4 16893 0
2 17072 0
4 17072 0
2 17251 0
4 17251 0
2 17430 0
4 17430 0
2 17609 0
4 17609 0
2 17788 0
4 17788 0
2 17967 0
4 17967 0


1 18115 0
3 18115 0
1 18294 0
3 18294 0
1 18473 0
3 18473 0
1 18652 0
3 18652 0
1 18831 0
3 18831 0
1 19010 0
3 19010 0
1 19189 0
3 19189 0
1 19368 0
3 19368 0
3 19547 0
4 19547 0


1 19806 300
2 19806 300
3 19806 300
2 20247 200
3 20247 200
4 20247 200
4 20584 200
5 20584 200

2 21099 0
4 21099 0
2 21278 0
4 21278 0
2 21457 0
4 21457 0
2 21636 0
4 21636 0
2 21815 0
4 21815 0
2 21994 0
4 21994 0
2 22173 0
4 22173 0
2 22352 0
4 22352 0
2 22531 0
4 22531 0
2 22710 0
4 22710 0
2 22889 0
4 22889 0
2 23068 0
4 23068 0
2 23247 0
4 23247 0
2 23426 0
4 23426 0
2 23605 0
4 23605 0
2 23784 0
4 23784 0

1 23931 0
3 23931 0
1 24110 0
3 24110 0
1 24289 0
3 24289 0
1 24468 0
3 24468 0
1 24647 0
3 24647 0
1 24826 0
3 24826 0
1 25005 0
3 25005 0
1 25184 0
3 25184 0
1 25363 0
3 25363 0


3 25545 0
4 25545 0
1 25696 300
2 25696 300
3 25696 300
2 26172 200
3 26172 200
4 26172 200
4 26567 300
5 26567 300

2 26981 1100
3 26981 1100
4 26981 1100
1 28444 600
2 28444 600
1 29210 400
2 29210 400
3 29210 400

2 29961 0
3 29961 0
4 29961 0
2 30140 0
4 30140 0
2 30319 0
4 30319 0
2 30498 0
4 30498 0
2 30677 0
4 30677 0
2 30856 0
4 30856 0
2 31035 0
4 31035 0
2 31214 0
4 31214 0
2 31393 0
4 31393 0
2 31572 0
4 31572 0
2 31751 0
4 31751 0
2 31930 0
4 31930 0
2 32109 0
4 32109 0
2 32288 0
4 32288 0
2 32467 0
4 32467 0
2 32646 0
4 32646 0

2 32852 1100
3 32852 1100
4 32852 1100
1 34257 600
2 34257 600
1 35023 400
2 35023 400
3 35023 400

2 35870 0
4 35870 0
2 36049 0
4 36049 0
2 36228 0
4 36228 0
2 36407 0
4 36407 0
2 36586 0
4 36586 0
2 36765 0
4 36765 0
2 36944 0
4 36944 0
2 37123 0
4 37123 0
2 37302 0
4 37302 0
2 37481 0
4 37481 0
2 37660 0
4 37660 0
2 37839 0
4 37839 0
2 38018 0
4 38018 0
2 38197 0
4 38197 0
2 38376 0
4 38376 0
2 38555 0
4 38555 0
2 38734 0
3 38734 0
4 38734 0
2 38913 0
4 38913 0
2 39092 0
4 39092 0
2 39271 0
4 39271 0
2 39450 0
4 39450 0
2 39629 0
4 39629 0
2 39808 0
4 39808 0
2 39987 0
4 39987 0
2 40166 0
4 40166 0
2 40345 0
4 40345 0
2 40524 0
4 40524 0
2 40703 0
4 40703 0
2 40882 0
4 40882 0
2 41061 0
4 41061 0
2 41240 0
4 41240 0
2 41419 0
4 41419 0
2 41575 0
4 41575 0


1 41722 0
3 41722 0
1 41901 0
3 41901 0
1 42080 0
3 42080 0
1 42259 0
3 42259 0
1 42438 0
3 42438 0
1 42617 0
3 42617 0
1 42796 0
3 42796 0
1 42975 0
3 42975 0


3 43143 0
4 43143 0
1 43347 300
2 43347 300
3 43347 300
2 43777 200
3 43777 200
4 43777 200
4 44229 300
5 44229 300

2 44694 0
4 44694 0
2 44873 0
4 44873 0
2 45052 0
4 45052 0
2 45231 0
4 45231 0
2 45410 0
4 45410 0
2 45589 0
4 45589 0
2 45768 0
4 45768 0
2 45947 0
4 45947 0
2 46126 0
4 46126 0
2 46305 0
4 46305 0
2 46484 0
4 46484 0
2 46663 0
4 46663 0
2 46842 0
4 46842 0
2 47021 0
4 47021 0
2 47200 0
4 47200 0
2 47379 0
4 47379 0

1 47592 0
3 47592 0
1 47771 0
3 47771 0
1 47950 0
3 47950 0
1 48129 0
3 48129 0
1 48308 0
3 48308 0
1 48487 0
3 48487 0
1 48666 0
3 48666 0
1 48845 0
3 48845 0

3 49102 0
4 49102 0
1 49264 300
2 49264 300
3 49264 300
2 49694 200
3 49694 200
4 49694 200
4 50100 100
5 50100 100

1 50372 0
3 50372 0
2 50483 2800
4 50483 2800
2 53432 0
4 53432 0
1 53618 2600
3 53618 2600
1 56404 0
3 56404 0
2 56613 2600
4 56613 2600
1 59446 2700
3 59446 2700

2 62511 0
4 62511 0
2 62690 0
4 62690 0
2 62869 0
4 62869 0
2 63048 0
4 63048 0
2 63227 0
4 63227 0
2 63406 0
4 63406 0
2 63585 0
4 63585 0
2 63764 0
4 63764 0
2 63943 0
4 63943 0
2 64122 0
4 64122 0
2 64301 0
4 64301 0
2 64480 0
4 64480 0
2 64659 0
4 64659 0
2 64838 0
4 64838 0
2 65017 0
4 65017 0
2 65196 0
4 65196 0

1 65449 0
3 65449 0
1 65628 0
3 65628 0
1 65807 0
3 65807 0
1 65986 0
3 65986 0
1 66165 0
3 66165 0
1 66344 0
3 66344 0
1 66523 0
3 66523 0
1 66702 0
3 66702 0

3 66942 0
4 66942 0
1 67047 300
2 67047 300
3 67047 300
2 67511 200
3 67511 200
4 67511 200
4 67929 300
5 67929 300

2 68347 0
4 68347 0
2 68526 0
4 68526 0
2 68705 0
4 68705 0
2 68884 0
4 68884 0
2 69063 0
4 69063 0
2 69242 0
4 69242 0
2 69421 0
4 69421 0
2 69600 0
4 69600 0
2 69779 0
4 69779 0
2 69958 0
4 69958 0
2 70137 0
4 70137 0
2 70316 0
4 70316 0
2 70495 0
4 70495 0
2 70674 0
4 70674 0
2 70853 0
4 70853 0
2 71032 0
4 71032 0

1 71308 0
3 71308 0
1 71487 0
3 71487 0
1 71666 0
3 71666 0
1 71845 0
3 71845 0
1 72024 0
3 72024 0
1 72203 0
3 72203 0
1 72382 0
3 72382 0
1 72561 0
3 72561 0

3 72771 0
4 72771 0
1 72898 300
2 72898 300
3 72898 300
2 73351 200
3 73351 200
4 73351 200
4 73723 300
5 73723 300

2 74210 0
4 74210 0
2 74389 0
4 74389 0
2 74568 0
4 74568 0
2 74747 0
4 74747 0
2 74926 0
4 74926 0
2 75105 0
4 75105 0
2 75284 0
4 75284 0
2 75463 0
4 75463 0
2 75642 0
4 75642 0
2 75821 0
4 75821 0
2 76000 0
4 76000 0
2 76179 0
4 76179 0
2 76358 0
4 76358 0
2 76537 0
4 76537 0
2 76716 0
4 76716 0
2 76895 0
4 76895 0

1 77174 0
3 77174 0
1 77353 0
3 77353 0
1 77532 0
3 77532 0
1 77711 0
3 77711 0
1 77890 0
3 77890 0
1 78069 0
3 78069 0
1 78248 0
3 78248 0
1 78427 0
3 78427 0

3 78677 0
4 78677 0
1 78835 300
2 78835 300
3 78835 300
2 79311 200
3 79311 200
4 79311 200
4 79694 300
5 79694 300


2 80193 0
4 80193 0
2 80372 0
4 80372 0
2 80551 0
4 80551 0
2 80730 0
4 80730 0
2 80909 0
4 80909 0
2 81088 0
4 81088 0
2 81267 0
4 81267 0
2 81446 0
4 81446 0
2 81625 0
4 81625 0
2 81804 0
4 81804 0
2 81983 0
4 81983 0
2 82162 0
4 82162 0
2 82341 0
4 82341 0
2 82520 0
4 82520 0
2 82699 0
4 82699 0
2 82878 0
4 82878 0

1 83177 0
3 83177 0
1 83356 0
3 83356 0
1 83535 0
3 83535 0
1 83714 0
3 83714 0
1 83893 0
3 83893 0
1 84072 0
3 84072 0
1 84251 0
3 84251 0
1 84430 0
3 84430 0

3 84593 0
4 84593 0
1 84767 300
2 84767 300
3 84767 300
2 85267 200
3 85267 200
4 85267 200
4 85673 300
5 85673 300

4 86026 0
5 86161 0
4 86312 0
3 86507 0
4 86641 1000
4 88007 0
3 88204 0
4 88285 0
3 88483 0
2 88680 0
1 88866 0
3 89052 0
4 89237 0
3 89411 0
4 89620 0
3 89818 0
2 89992 0
1 90178 200
3 90549 100
1 90747 300
3 91211 500
2 91916 0
3 92102 0
4 92299 0
5 92508 0
1 92682 0
2 92891 0
2 93065 300
1 93495 0
2 93657 0
3 93843 0
4 94017 0
5 94215 0
4 94354 0
3 94586 0
4 94686 0
5 94760 150
4 95055 0
3 95155 0
4 95248 200
3 95596 0
2 95863 0
2 96049 250
1 96409 0
2 96606 0
2 96804 0
2 96955 200
1 97249 0
2 97349 0
3 97524 0
4 97872 300
4 98394 300
4 98975 0
3 99149 0
4 99281 0
5 99381 150
4 99595 0
5 99695 150
4 99955 0
5 100055 150
2 100350 0
3 100431 0
2 100536 0
1 100629 0
3 100738 0
4 100838 0
5 100884 0
4 100966 0
3 101082 0
4 101186 0
3 101302 0
4 101402 0
2 101558 0
3 101658 0
1 101750 0
5 101818 0
4 102003 0
3 102189 0
2 102282 0
1 102421 0
4 102730 100
2 102916 0
1 103137 300
2 103787 150
4 104042 0
5 104123 0
4 104228 0
3 104379 0
2 104599 0
4 104785 0
3 104901 0
4 105017 0
2 105192 0
3 105505 0
4 105621 0
5 105726 0
3 105853 0
4 105953 0
5 106071 0
5 106287 100
3 106434 0
1 106678 150
2 107026 0
4 107188 150
5 107432 50
4 107630 0
2 107839 100
1 108140 0
2 108349 0
2 108802 300
2 109638 0
4 109638 0
2 109817 0
4 109817 0
2 109996 0
4 109996 0
2 110175 0
4 110175 0
2 110354 0
4 110354 0
2 110533 0
4 110533 0
2 110712 0
4 110712 0
2 110891 0
4 110891 0
2 111070 0
4 111070 0
2 111249 0
4 111249 0
2 111428 0
4 111428 0
2 111607 0
4 111607 0
2 111786 0
4 111786 0
2 111965 0
4 111965 0
2 112144 0
4 112144 0
2 112323 0
4 112323 0


1 112587 0
3 112587 0
1 112766 0
3 112766 0
1 112945 0
3 112945 0
1 113124 0
3 113124 0
1 113303 0
3 113303 0
1 113482 0
3 113482 0
1 113661 0
3 113661 0
1 113840 0
3 113840 0

3 114067 0
4 114067 0
1 114183 300
2 114183 300
3 114183 300
2 114636 200
3 114636 200
4 114636 200
4 115042 300
5 115042 300

2 115518 0
4 115518 0
2 115697 0
4 115697 0
2 115876 0
4 115876 0
2 116055 0
4 116055 0
2 116234 0
4 116234 0
2 116413 0
4 116413 0
2 116592 0
4 116592 0
2 116771 0
4 116771 0
2 116950 0
4 116950 0
2 117129 0
4 117129 0
2 117308 0
4 117308 0
2 117487 0
4 117487 0
2 117666 0
4 117666 0
2 117845 0
4 117845 0
2 118024 0
4 118024 0
2 118203 0
4 118203 0
1 118502 0
3 118502 0
1 118681 0
3 118681 0
1 118860 0
3 118860 0
1 119039 0
3 119039 0
1 119218 0
3 119218 0
1 119397 0
3 119397 0
1 119576 0
3 119576 0
1 119755 0
3 119755 0

3 119934 0
4 119934 0
1 120061 300
2 120061 300
3 120061 300
2 120491 200
3 120491 200
4 120491 200
4 120886 300
5 120886 300

2 121350 0
4 121350 0
2 121529 0
4 121529 0
2 121708 0
4 121708 0
2 121887 0
4 121887 0
2 122066 0
4 122066 0
2 122245 0
4 122245 0
2 122424 0
4 122424 0
2 122603 0
4 122603 0
2 122782 0
4 122782 0
2 122961 0
4 122961 0
2 123140 0
4 123140 0
2 123319 0
4 123319 0
2 123498 0
4 123498 0
2 123677 0
4 123677 0
2 123856 0
4 123856 0
2 124035 0
4 124035 0

1 124322 0
3 124322 0
1 124501 0
3 124501 0
1 124680 0
3 124680 0
1 124859 0
3 124859 0
1 125038 0
3 125038 0
1 125217 0
3 125217 0
1 125396 0
3 125396 0
1 125575 0
3 125575 0

3 125797 0
4 125797 0
1 125983 300
2 125983 300
3 125983 300
2 126435 200
3 126435 200
4 126435 200
4 126830 300
5 126830 300

2 127283 0
4 127283 0
2 127462 0
4 127462 0
2 127641 0
4 127641 0
2 127820 0
4 127820 0
2 127999 0
4 127999 0
2 128178 0
4 128178 0
2 128357 0
4 128357 0
2 128536 0
4 128536 0
2 128715 0
4 128715 0
2 128894 0
4 128894 0
2 129073 0
4 129073 0
2 129252 0
4 129252 0
2 129431 0
4 129431 0
2 129610 0
4 129610 0
2 129789 0
4 129789 0
2 129968 0
4 129968 0
1 130216 0
3 130216 0
1 130395 0
3 130395 0
1 130574 0
3 130574 0
1 130753 0
3 130753 0
1 130932 0
3 130932 0
1 131111 0
3 131111 0
1 131290 0
3 131290 0
1 131469 0
3 131469 0

3 131668 0
4 131668 0
1 131807 300
2 131807 300
3 131807 300
2 132294 200
3 132294 200
4 132294 200
4 132701 300
5 132701 300

2 133154 1100
3 133154 1100
4 133154 1100
1 134605 500
2 134605 500
1 135290 400
2 135290 400
3 135290 400

2 136103 0
4 136103 0
2 136282 0
4 136282 0
2 136461 0
4 136461 0
2 136640 0
4 136640 0
2 136819 0
4 136819 0
2 136998 0
4 136998 0
2 137177 0
4 137177 0
2 137356 0
4 137356 0
2 137535 0
4 137535 0
2 137714 0
4 137714 0
2 137893 0
4 137893 0
2 138072 0
4 138072 0
2 138251 0
4 138251 0
2 138430 0
4 138430 0
2 138609 0
4 138609 0
2 138788 0
4 138788 0

2 139125 1100
3 139125 1100
4 139125 1100
1 140472 600
2 140472 600
1 141238 400
2 141238 400
3 141238 400

2 142027 0
4 142027 0
2 142206 0
4 142206 0
2 142385 0
4 142385 0
2 142564 0
4 142564 0
2 142743 0
4 142743 0
2 142922 0
4 142922 0
2 143101 0
4 143101 0
2 143280 0
4 143280 0
2 143459 0
4 143459 0
2 143638 0
4 143638 0
2 143817 0
4 143817 0
2 143996 0
4 143996 0
2 144175 0
4 144175 0
2 144354 0
4 144354 0
2 144533 0
4 144533 0
2 144712 0
4 144712 0

2 144888 0
3 144888 0
4 144888 0
2 145167 0
4 145167 0
2 145346 0
4 145346 0
2 145525 0
4 145525 0
2 145704 0
4 145704 0
2 145883 0
4 145883 0
2 146062 0
4 146062 0
2 146241 0
4 146241 0
2 146420 0
4 146420 0
2 146599 0
4 146599 0
2 146778 0
4 146778 0
2 146957 0
4 146957 0
2 147136 0
4 147136 0
2 147315 0
4 147315 0
2 147494 0
4 147494 0
2 147673 0
4 147673 0

1 147960 0
3 147960 0
1 148139 0
3 148139 0
1 148318 0
3 148318 0
1 148497 0
3 148497 0
1 148676 0
3 148676 0
1 148855 0
3 148855 0
1 149034 0
3 149034 0
1 149213 0
3 149213 0

3 149418 0
4 149418 0
1 149616 300
2 149616 300
3 149616 300
2 150068 200
3 150068 200
4 150068 200
4 150463 300
5 150463 300

2 150928 0
4 150928 0
2 151107 0
4 151107 0
2 151286 0
4 151286 0
2 151465 0
4 151465 0
2 151644 0
4 151644 0
2 151823 0
4 151823 0
2 152002 0
4 152002 0
2 152181 0
4 152181 0
2 152360 0
4 152360 0
2 152539 0
4 152539 0
2 152718 0
4 152718 0
2 152897 0
4 152897 0
2 153076 0
4 153076 0
2 153255 0
4 153255 0
2 153434 0
4 153434 0
2 153613 0
4 153613 0

1 153877 0
3 153877 0
1 154056 0
3 154056 0
1 154235 0
3 154235 0
1 154414 0
3 154414 0
1 154593 0
3 154593 0
1 154772 0
3 154772 0
1 154951 0
3 154951 0
1 155130 0
3 155130 0

3 155351 0
4 155351 0
1 155537 300
2 155537 300
3 155537 300
2 156024 200
3 156024 200
4 156024 200
4 156408 300
5 156408 300

2 156860 0
4 156860 0
2 157039 0
4 157039 0
2 157218 0
4 157218 0
2 157397 0
4 157397 0
2 157576 0
4 157576 0
2 157755 0
4 157755 0
2 157934 0
4 157934 0
2 158113 0
4 158113 0
2 158292 0
4 158292 0
2 158471 0
4 158471 0
2 158650 0
4 158650 0
2 158829 0
4 158829 0
2 159008 0
4 159008 0
2 159187 0
4 159187 0
2 159366 0
4 159366 0
2 159545 0
4 159545 0

1 159786 0
3 159786 0
1 159965 0
3 159965 0
1 160144 0
3 160144 0
1 160323 0
3 160323 0
1 160502 0
3 160502 0
1 160681 0
3 160681 0
1 160860 0
3 160860 0
1 161039 0
3 161039 0

3 161342 0
4 161342 0
1 161458 300
2 161458 300
3 161458 300
2 161887 200
3 161887 200
4 161887 200
4 162259 300
5 162259 300

2 162743 0
4 162743 0
2 162922 0
4 162922 0
2 163101 0
4 163101 0
2 163280 0
4 163280 0
2 163459 0
4 163459 0
2 163638 0
4 163638 0
2 163817 0
4 163817 0
2 163996 0
4 163996 0
2 164175 0
4 164175 0
2 164354 0
4 164354 0
2 164533 0
4 164533 0
2 164712 0
4 164712 0
2 164891 0
4 164891 0
2 165070 0
4 165070 0
2 165249 0
4 165249 0
2 165428 0
4 165428 0

1 165657 0
3 165657 0
1 165836 0
3 165836 0
1 166015 0
3 166015 0
1 166194 0
3 166194 0
1 166373 0
3 166373 0
1 166552 0
3 166552 0
1 166731 0
3 166731 0
1 166910 0
3 166910 0

3 167132 0
4 167132 0
1 167271 300
2 167271 300
3 167271 300
2 167747 400
3 167747 400
4 167747 400
