1 4820 320
2 5260 280
1 5780 420
2 6280 240
1 6750 0
4 7050 0
3 7230 0
2 7510 400
1 8060 0
2 8330 250
1 8810 340
2 9300 270
4 9770 0
5 10020 0
4 10240 0
3 10480 1290
1 12120 0
2 12350 340
1 12950 300
2 13390 310
1 13910 400
2 14400 240
1 14850 0
4 15130 0
3 15390 0
5 15630 450
1 16180 0
2 16470 290
1 16940 370
2 17410 290
1 17890 0
4 18150 0
5 18390 0
3 18640 980
1 20030 250
2 20530 0
5 21070 330
4 21090 340
3 21640 290
4 21650 290
4 22170 0
5 22170 0
3 22440 260
1 22960 0
2 23220 0
1 23490 0
1 23970 0
2 24150 0
1 24450 240
2 24890 0
5 25130 310
4 25140 320
3 25660 270
4 25670 300
5 26240 0
1 26480 0
1 27070 0
2 27260 0
1 27560 300
1 28070 0
2 28310 0
1 28580 0
1 29070 0
5 29340 290
4 29350 270
4 29820 250
3 29820 220
1 30340 0
2 30630 230
1 31160 0
2 31440 0
1 31690 330
1 32240 0
2 32450 0
1 32730 0
1 33110 0
2 33220 0
5 33370 340
4 33390 350
3 33910 240
4 33920 240
1 34470 0
2 34750 0
1 35310 0
2 35570 0
1 35840 210
1 36310 0
2 36530 0
1 36810 0
1 37290 0
5 37520 350
4 37530 350
4 38030 260
3 38030 240
1 38590 0
2 38860 0
1 39450 0
2 39730 0
1 39980 0
1 40510 0
2 40760 0
1 41000 0
1 41470 0
5 41690 390
4 41700 400
3 42250 260
4 42260 270
1 42800 0
2 43080 0
1 43660 0
2 43910 0
1 44180 0
1 44680 0
2 44910 0
1 45180 0
1 45610 0
5 45850 320
4 45870 330
4 46380 370
3 46380 350
1 46960 0
2 47280 0
1 47850 0
2 48070 0
1 48340 0
1 48870 0
2 49100 0
1 49380 0
1 49820 0
4 50080 450
5 50080 410
4 50640 0
3 50640 360
1 51160 0
2 51400 0
1 51970 0
2 52210 0
1 52490 0
1 52960 0
2 53220 0
1 53450 0
1 3895 0
1 53930 0
2 54190 0
1 54530 290
2 55100 0
1 55410 0
1 55710 0
1 56140 0
2 56390 0
1 56680 0
1 57180 0
2 57420 0
1 57710 0
1 58230 0
2 58500 0
1 58800 0
1 59370 0
2 59630 0
1 59900 0
1 60380 0
2 60650 0
1 60960 0
1 61450 0
2 61710 0
1 62030 0
1 62520 0
2 62750 0
1 63100 0
1 63730 0
2 63920 0
1 64220 0
1 64720 0
2 64989 0
1 65260 0
1 65780 0
2 66010 0
1 66300 210
1 66780 0
2 67010 0
1 67340 0
1 67920 0
2 68170 0
1 68430 210
1 68950 0
2 69180 0
1 69470 0
4 70240 1810
5 70240 1720
2 72270 1930
4 72300 1890
1 74480 0
2 74720 0
1 75270 0
2 75520 0
1 75810 0
1 76300 0
2 76570 0
1 76870 0
1 77320 0
2 77630 0
1 77890 0
2 78190 0
5 78570 1830
4 78580 1830
2 80680 1770
4 80700 1730
1 82890 0
2 83130 0
1 83576 0
5 83836 400
4 83846 390
3 84406 350
4 84406 360
1 84946 0
2 85216 0
1 85746 0
2 86036 0
1 86316 0
1 86836 0
2 87066 0
1 87376 0
1 87846 0
4 88116 430
5 88116 430
4 88676 380
3 88686 370
1 89226 0
2 89486 0
1 90006 0
2 90256 0
1 90546 0
1 91106 0
2 91306 0
1 91586 0
1 92056 0
4 92306 470
5 92306 470
3 92916 320
4 92916 330
1 93426 0
2 93686 0
1 94206 0
2 94456 0
1 94766 0
1 95296 0
2 95546 0
1 95846 0
1 96266 0
5 96546 470
4 96556 490
3 97156 360
4 97166 370
1 97706 0
2 97946 0
1 98436 0
2 98726 0
1 99016 0
4 100480 1530
5 100480 1530
2 102630 1060
4 102640 1120
4 103972 1630
5 103972 1620
5 106012 0
4 106202 0
3 106372 0
2 106582 0
1 106902 0
4 107232 0
3 107502 610
4 108982 1290
5 108982 1280
2 111052 1150
4 111062 1180
5 112442 390
4 113022 0
3 113292 0
2 113512 0
1 113792 0
4 114082 0
5 114332 380
4 114843 3430
5 118680 0
4 118810 0
5 118950 490
3 119610 0
4 119790 0
3 119910 580
1 120660 0
2 120820 0
1 120970 400
5 121520 0
4 121770 270
3 122100 220
5 122830 0
4 122960 0
5 123160 550
4 123880 0
3 124040 0
4 124210 570
1 124940 0
2 125110 0
1 125270 440
4 125810 0
3 125960 310
1 126370 310
1 127110 0
2 127350 0
3 127630 0
4 127910 0
5 128139 900
4 129229 0
3 129490 410
4 129960 0
3 130100 250
2 130370 750
1 131430 0
5 131660 0
4 131970 0
3 132240 0
1 132530 639
1 133520 0
4 133880 0
3 134020 0
1 134150 0
5 134370 0
3 134680 460
1 135810 0
2 136150 0
1 136710 0
2 136990 0
1 137280 240
1 137850 0
2 138090 0
1 138410 0
1 138940 0
2 139200 0
1 139500 0
1 140040 0
2 140280 0
1 140580 0
1 141140 0
2 141390 0
1 141720 0
1 142360 0
2 142560 0
1 142810 0
1 143360 0
2 143600 0
1 143900 0
1 144420 0
2 144690 0
1 144940 0
1 145430 0
2 145720 0
1 146060 0
1 146660 0
2 146830 0
1 147130 0
1 147670 0
2 147930 0
1 148230 0
1 148740 0
2 148990 0
1 149300 0
1 149820 0
2 150090 0
1 150400 0
1 150950 0
2 151240 0
1 151510 0
1 152000 0
2 152250 0
1 152570 0
4 153240 2020
5 153240 1980
4 155460 1820
2 155460 1830
1 157620 0
2 157870 0
2 158400 0
4 158680 410
5 158680 330
3 159200 310
4 159210 320
1 159770 0
2 160010 0
1 160530 0
2 160790 0
1 161090 0
1 161610 0
2 161880 0
1 162170 0
1 162680 0
4 162930 420
5 162930 380
3 163480 370
4 163480 380
1 164040 0
2 164300 0
1 164840 0
2 165080 0
1 165390 0
1 165870 0
2 166120 0
1 166420 0
1 166950 0
4 167170 360
5 167170 350
4 167700 360
3 167710 340
1 168270 0
2 168540 0
1 169050 0
2 169330 0
1 169630 0
1 170140 0
2 170400 0
1 170690 0
1 171160 0
4 171390 440
5 171390 420
4 171990 340
3 172000 320
1 172530 0
2 172800 0
1 173310 0
2 173580 0
1 173880 0
5 175350 1580
4 175360 1600
3 177430 1230
4 177440 1220
2 178790 1840
1 178790 1820
3 180810 0
4 180940 0
3 181090 0
4 181240 0
3 181380 0
4 181470 0
3 181690 0
4 181800 0
3 181960 0
2 182220 0
4 182490 0
3 182740 410
4 183820 1240
5 183820 1230
4 185850 1280
3 185850 1220
5 187270 430
4 187820 0
3 188080 0
1 188390 0
2 188660 0
4 188940 0
5 189190 420
3 189710 5110
4 195780 2020
5 197940 4180
4 202181 3250
3 205521 0
5 205791 0
4 206021 0
3 206251 0
1 206531 1530
4 208051 240
3 208401 0
5 208671 390
3 209151 450
4 209691 940
5 210721 920
4 211741 940
3 212781 870
4 213721 1110
5 214881 930
4 215961 970
1 217091 850
2 218031 250
4 218331 0
5 218591 390
3 219171 420
4 219641 1530
5 221221 290
4 221571 320
3 221961 330
1 222331 350
2 222741 0
4 223021 210
5 223361 470
4 223881 230
3 224231 0
2 224441 0
1 224791 0
3 225101 0
4 225451 270
5 225841 550
4 226511 230
3 226861 0
1 227121 0
2 227341 0
4 227611 1980
5 229891 0
4 230221 0
3 230491 0
1 230761 0
2 231051 0
4 231341 340
5 231811 860
4 232821 460
3 233471 0
4 233681 0
5 233961 0
4 234211 0
5 234591 0
4 234791 1000
