5 3000 0
5 3617 0
5 4811 0
5 5400 0
5 7093 0
5 7227 0
5 7361 0
4 7550 0
5 7771 0
4 7922 0
3 8119 0
5 8305 0
3 8591 0
2 8728 0
5 8886 0
3 9095 0
2 9217 0
5 9350 0
1 9400 0
5 9514 0
5 9648 0
5 9782 0
5 9916 0
4 10104 0
5 10301 0
4 10575 0
3 10661 0
5 10847 0
3 11068 0
2 11230 0
5 11351 0
3 11462 0
2 11664 0
5 11773 0
1 11800 0
3 11969 1600
2 13769 0
4 14000 0
4 14290 0
5 14396 0
3 14779 1300
1 16370 0
1 16520 0
3 16729 1700
3 18599 200
1 19017 1900
3 21106 0
3 21188 0
3 21397 1860
4 21397 1860
3 23428 0
4 23428 0
2 23858 1700
4 23858 1700
1 25832 0
3 25832 0
1 26215 2100
3 26215 2100
2 28498 1100
4 28498 1100
1 29756 900
3 29756 900
4 29756 900
1 30859 0
2 31137 0
3 31428 0
4 31683 0
1 31985 0
2 32194 0
3 32461 0
4 32716 0
4 32960 0
4 33250 0
5 33250 0
4 33483 0
3 33761 0
2 34017 200
5 34504 400
3 35062 0
5 35062 0
3 35271 0
5 35271 0
3 35526 0
4 35526 0
3 35886 0
5 35886 0
3 36281 0
4 36281 0
2 36536 0
3 36536 0
1 36745 0
2 36745 0
3 37001 0
5 37001 0
3 37268 0
5 37268 0
3 37500 0
4 37500 0
3 37825 0
5 37825 0
3 38185 0
4 38185 0 
2 38463 0
3 38463 0
1 38707 0
2 38707 0
3 38986 0
5 38986 0
3 39218 0
5 39218 0
3 39485 0
4 39485 0
3 39833 0
5 39833 0
3 40216 0
4 40216 0
2 40449 0
3 40449 0
1 40669 0
2 40669 0
4 40901 0
5 41006 0
2 41203 0
1 41343 0
4 41459 0
3 41552 0
5 41737 0
4 41853 0
3 41981 0
2 42121 0
1 42306 0
3 42434 0
2 42597 0
1 42682 0
3 42894 0
4 42894 0
3 43045 0
4 43045 0
2 43347 0
3 43347 0
3 43719 0
4 43719 0
2 44079 0
4 44079 0
2 44311 0
3 44311 0
1 44555 0
2 44555 0
3 44856 0
4 44856 0
3 45077 0
4 45077 0
2 45344 0
3 45344 0
3 45681 0
4 45681 0
2 46017 0
4 46017 0
2 46261 0
3 46261 0
1 46517 0
2 46517 0
3 46784 0
4 46784 0
3 47016 0
4 47016 0
2 47271 0
3 47271 0
3 47585 0
4 47585 0
2 47945 0
4 47945 0
2 48212 0
3 48212 0
1 48444 0
2 48444 0
3 48688 0
4 48688 0
3 48920 0
4 48920 0
2 49210 0
3 49210 0
3 49547 0
4 49547 0
2 49930 0
4 49930 0
2 50174 0
3 50174 0
1 50406 0
2 50406 0
4 50661 0
5 50661 0
4 50870 0
5 50870 0
3 51161 0
4 51161 0
4 51486 0
5 51486 0
3 51822 0
5 51822 0
3 52089 0
4 52089 0
2 52322 0
3 52322 0
4 52600 0
5 52600 0
4 52844 0
5 52844 0
3 53111 0
4 53111 0
4 53459 0
5 53459 0
3 53808 0
5 53808 0
3 54063 0
4 54063 0
2 54260 0
3 54260 0
4 54527 0
5 54527 0
4 54783 0
5 54783 0
3 55085 0
4 55085 0
4 55387 0
5 55387 0
3 55747 0
5 55747 0
3 56025 0
4 56025 0
2 56281 0
3 56281 0
4 56524 0
5 56524 0
4 56768 0
5 56768 0
3 57035 0
4 57035 0
4 57349 0
5 57349 0
3 57685 0
5 57685 0
3 57952 0
5 57952 0
2 58208 0
3 58208 0
2 58487 300
4 58487 300
3 58951 400
2 59462 400
1 59915 400
3 60414 300
5 60414 300
4 60890 400
3 61354 400
2 61888 400
3 62399 0
5 62399 0
3 62573 0
5 62573 0
4 62852 0
3 63119 0
3 63270 0
2 63525 0
2 63653 0
1 63908 0
2 64152 0
3 64431 0
5 64431 0
3 64640 0
5 64640 0
4 64907 0
3 65127 0
3 65244 0
2 65511 0
2 65627 0
1 65870 0
2 66068 0
3 66323 0
5 66323 0
3 66567 0
5 66567 0
4 66822 0
3 67031 0
3 67148 0
2 67403 0
2 67531 0
1 67798 0
2 67960 0
5 68250 300
4 68634 250
3 68959 400
5 68959 400
2 69470 0
1 69713 0
2 69934 0
3 70205 0
4 70205 0
3 70425 0
4 70425 0
2 70681 0
3 70681 0
3 71017 0
4 71017 0
2 71366 0
4 71366 0
2 71633 0
3 71633 0
1 71877 0
2 71877 0
3 72144 0
4 72144 0
3 72399 0
4 72399 0
2 72631 0
3 72631 0
2 72807 0
3 72907 0
4 73007 0    
5 73107 0
4 73212 0
3 73316 0
2 73455 0
4 73572 0
3 73711 0
2 73839 0
1 73971 0
3 74075 0
4 74075 0
3 74260 0
4 74260 0
2 74516 0
3 74516 0
3 74841 0
4 74841 0
2 75178 0
4 75178 0
2 75433 0
3 75433 0
1 75677 0
2 75677 0
1 75805 0
1 75897 0
1 76025 0
1 76118 0
2 76304 0
3 76559 0
3 76791 0
4 76907 0
2 77151 0
3 77279 0
5 77534 0
4 77732 0
4 78010 0
5 78010 0
4 78115 0
5 78115 0
3 78405 0
4 78405 0
4 78765 0
5 78765 0
3 79113 0
5 79113 0
3 79369 0
4 79369 0
2 79613 0
3 79613 0
4 79880 0
5 79880 0
4 80089 0
5 80089 0
3 80356 0
4 80356 0
4 80704 0
5 80704 0
3 81052 0
5 81052 0
3 81319 0
4 81319 0
2 81540 0
3 81540 0
4 81818 0
5 81818 0
4 82051 0
5 82051 0
3 82364 0
4 82364 0
4 82678 0
5 82678 0
3 83026 0
5 83026 0
3 83281 0
4 83281 0
2 83502 0
3 83502 0
4 83769 0
5 83769 0
4 84001 0
5 84001 0
3 84291 0
4 84291 0
4 84605 0
5 84605 0
3 84965 0
5 84965 0
3 85232 0
4 85232 0
2 85464 0
3 85464 0
2 85731 300
4 85731 300
3 86253 400
2 86729 400
1 87206 400
3 87682 300
5 87682 300
4 88239 400
3 88668 400
2 89133 400
3 89620 0
5 89620 0
3 89841 0
5 89841 0
4 90120 0
3 90398 0
3 90514 0
2 90793 0
2 90909 0
1 91199 0
2 91408 0
3 91664 0
5 91664 0
3 91896 0
5 91896 0
4 92175 0
3 92372 0
3 92488 0
2 92755 0
2 92883 0
1 93138 0
2 93359 0
3 93614 0
5 93614 0
3 93800 0
5 93800 0
4 94009 0
3 94253 0
3 94380 0
2 94671 0
2 94798 0
1 95054 0
2 95263 0
1 95483 250
3 95483 250
4 95483 250
1 95855 250
3 95855 250
4 95855 250
1 96157 400
3 96157 400
4 96157 400
1 96691 150
3 96691 150
4 96691 150
1 96969 150
2 96969 150
5 96969 150
1 97237 50
2 97237 50
5 97237 50
1 97434 0
2 97654 0
4 97654 0
3 97922 0
4 97922 0
5 97922 0
1 98374 0
3 98630 0
4 98630 0
3 99071 400
4 99071 400
2 99582 0
4 99582 0
3 99895 0
4 99895 0
5 99895 0
1 100371 0
4 100673 650
5 100673 650
2 101559 0
4 101559 0
3 101780 0
4 101780 0
5 101780 0
1 102360 0
2 102604 0
3 102604 0
4 102604 0
2 103103 300
3 103103 300
4 103103 300
2 103544 0
4 103544 0
3 103858 0
5 103858 0
1 104334 0
3 104636 300
4 104636 300
5 104636 300
2 105158 0
3 105367 0
4 105530 0
5 105704 800
3 106726 0
2 106923 0
3 107023 0
4 107202 600
3 107991 0
4 108154 0
1 108316 700
4 109000 0
5 109140 300
4 109500 0
3 109640 0
4 109779 0
3 109930 0
2 110058 0
1 110278 0
2 110380 0
5 110418 0
4 110592 0
3 110662 0
5 110766 0
4 110840 0
3 110940 0
1 111114 0
2 111277 0
3 111351 0
5 111451 0
3 111537 0
2 111637 0
3 111799 0
2 112055 0
1 112275 500
3 113285 0
4 113285 0
3 113471 0
4 113471 0
2 113726 0
3 113726 0
3 114051 0
4 114051 0
2 114353 0
4 114353 0
2 114632 0
3 114632 0
1 114887 0
2 114887 0
5 115108 0
4 115224 0
3 115340 0
2 115445 0
4 115572 0
3 115723 0
2 115851 0
1 115990 0
2 116141 0
3 116246 0
2 116385 0
5 116513 0
4 116652 0
3 116780 0
4 116896 0
3 117105 0
4 117105 0
3 117291 0
4 117291 0
2 117558 0
3 117558 0
3 117859 0
4 117859 0
2 118231 0
4 118231 0
2 118510 0
3 118510 0
1 118707 0
2 118707 0
1 118946 0
2 119057 0
1 119146 0
2 119257 0
1 119346 0
2 119457 0
1 119543 0
2 119655 0
1 119705 0
2 119829 0
1 119926 0
2 120065 0
1 120170 0
3 120251 0
4 120356 0
3 120460 0
4 120565 0
3 120623 0
4 120750 0
4 120994 0
5 120994 0
4 121099 0
5 121099 0
3 121377 0
4 121377 0
4 121737 400
5 121737 400
1 122387 0
3 122387 0
1 122490 0
3 122490 0
1 122585 0
3 122585 0
1 122686 0
3 122686 0
4 122863 0
5 122863 0
4 123107 0
5 123107 0
3 123363 0
4 123363 0
4 123734 400
5 123734 400
1 124233 0
3 124233 0
1 124336 0
3 124336 0
1 124439 0
3 124439 0
1 124538 0
3 124538 0
4 124791 0
5 124791 0
4 125046 0
5 125046 0
3 125336 0
4 125336 0
4 125650 400
5 125650 400
1 126184 0
3 126184 0
1 126283 0
3 126283 0
1 126382 0
3 126382 0
1 126484 0
3 126484 0
4 126753 0
5 126753 0
4 126973 0
5 126973 0
3 127240 0
4 127240 0
4 127577 400
5 127577 400
2 128719 300
4 128719 300
3 129171 400
2 129682 400
1 130147 400
3 130634 300
5 130634 300
4 131145 400
3 131609 400
2 132097 400
3 132585 0
5 132585 0
3 132829 0
5 132829 0
4 133119 0
3 133351 0
3 133467 0
2 133734 0
2 133850 0
1 134152 0
2 134384 0
3 134640 0
5 134640 0
3 134884 0
5 134884 0
4 135116 0
3 135336 0
3 135464 0
2 135731 0
2 135847 0
1 136114 0
2 136335 0
3 136567 0
5 136567 0
3 136822 0
5 136822 0
4 137066 0
3 137252 0
3 137391 0
2 137647 0
2 137763 0
1 138018 0
2 138262 0
5 138494 300
4 138889 200
3 139237 300
2 139725 0
1 139957 0
2 140178 0
1 140445 1000
3 140445 1000
4 140445 1000
1 141896 0
2 142407 1000
4 142407 1000
5 142407 1000
1 143974 200
3 143974 200
1 144415 400
3 144415 400
4 144415 400
3 145077 0
2 145344 0
3 145646 0
1 145959 0
2 146412 500
4 146412 500
5 146412 500
5 147086 0
4 147353 0
5 147620 0
1 147910 0
3 148154 0
3 148421 1000
5 148421 1000
3 149849 0
1 150360 400
3 150360 400
4 150360 400
3 151045 0
2 151277 0
3 151544 0
2 151857 300
4 151857 300
1 152310 1000
3 152310 1000
4 152310 1000
2 154326 0
4 154326 0
2 154524 0
4 154524 0
2 154779 0
4 154779 0
2 155023 0
4 155023 0
2 155243 0
4 155243 0
1 155661 350
3 155661 350
2 156235 0
4 156235 0
2 156439 0
4 156439 0
2 156671 0
4 156671 0
2 156880 0
4 156880 0
2 157008 0
4 157008 0
2 157159 0
4 157159 0
1 157519 350
3 157519 350
2 158099 0
4 158099 0
2 158378 0
4 158378 0
2 158634 0
4 158634 0
2 158854 0
4 158854 0
2 159098 0
4 159098 0
1 159516 350
3 159516 350
2 160027 0
4 160027 0
2 160294 0
4 160294 0
2 160584 0
4 160584 0
2 160805 0
4 160805 0
2 161060 0
4 161060 0
2 161257 0
4 161257 0
2 161490 0
4 161490 0
4 161807 0
5 161853 400
4 162399 0
5 162515 400
4 163200 0
5 163223 200
4 163606 0
5 163711 100
4 163978 0
5 164024 1400
2 165611 0
3 165669 600
4 165669 600
3 166443 0
5 166664 0
4 166884 0
2 167140 0
4 167418 0
5 167518 0
1 167627 0
5 167906 500
3 168614 500
4 169276 0
3 169322 200
2 169798 800
3 170820 0
2 171099 0
3 171377 0
4 171493 0
3 171644 900
1 172794 0
2 173072 300
4 173583 1000
3 174860 0
2 175011 0
3 175301 0
4 175429 0
3 175545 1000
4 176741 0
3 176892 0
2 176950 400
4 177589 1000
5 177589 1000
4 178773 0
5 178773 0
5 179051 0
4 179156 0
3 179260 0
2 179539 800
2 180565 0
3 180665 0
5 180967 0
3 181223 0
5 181478 500
4 182151 300
5 182151 300
3 182697 300
5 182697 300
2 183185 250
5 183185 250
3 183579 0
4 183579 0
2 183684 0
3 183684 0
2 184032 0
3 184148 0
4 184148 0
2 184327 0
3 184327 0
2 184473 400
4 184473 400
2 184996 0
3 185158 0
4 185379 300
4 185820 0
3 186122 0
4 186122 0
3 186401 0
4 186401 0
2 186610 0
4 186610 0
2 186877 0
4 186877 0
1 187097 0
1 187306 0
4 187306 0
4 187620 0
3 187666 50
1 187910 0
3 188038 0
1 188293 0
5 188421 200
1 188622 0
2 188822 0
3 189022 0
4 189222 0
5 189291 500
4 189918 200
2 190394 0
3 190464 300
2 190963 250
4 191370 0
3 191451 0
2 191555 0
1 191671 0
2 191811 0
3 191938 0
3 192089 0
4 192089 0
2 192414 400
3 192414 400
1 192972 0
4 193158 300
3 193657 0
2 193935 0
3 194168 300
2 194620 0
1 194853 0
4 195120 0
5 195178 300
4 195805 0
3 196048 0
2 196141 450
1 196745 300
3 196745 300
2 197279 3500
2 201130 1700
4 201130 1700
2 202999 1200
3 202999 1200
4 202999 1200
3 204570 0
4 204682 0
5 204733 1400
5 206293 0
4 206416 0
4 206613 1500
5 206613 1500
5 208297 500
4 208959 500
3 209655 500
2 210247 450
1 210967 2800
3 213916 0
4 213986 300
3 214508 0
4 214578 400
1 215901 0
4 215971 0
5 215971 0
3 216168 0
4 216168 0
2 216296 0
3 216296 0
1 216540 0
1 216668 300
2 216668 300
4 217771 0
5 217794 200
4 218247 0
5 218328 500
4 219651 0
5 219651 0
4 219733 0
5 219733 0
4 219860 0
5 219860 0
4 219988 0
5 219988 0
3 220116 0
5 220116 0
3 220255 0
5 220255 0
3 220441 0
5 220441 0
3 220545 0
4 220545 0
3 220673 0
4 220673 0
2 220812 0
4 220812 0
2 220963 0
4 220963 0
2 221091 0
3 221091 0
2 221265 0
3 221265 0
4 221393 0
5 221393 0
4 221567 0
5 221567 0
4 221683 0
5 221683 0
4 221834 0
5 221834 0
3 221973 0
5 221973 0
3 222124 0
5 222124 0
3 222264 0
5 222264 0
3 222415 0
4 222415 0
3 222542 0
4 222542 0
2 222693 0
4 222693 0
2 222844 0
4 222844 0
2 222983 0
3 222983 0
2 223123 0
3 223123 0


2 223343 0
1 223541 0
2 223831 0
3 224086 0
2 224307 0
3 224307 0
1 224528 0
2 224528 0
2 224760 0
3 224760 0
3 224969 0
4 224969 0
1 225213 0
2 225213 0
2 225480 0
3 225480 0
3 225689 0
4 225689 0
2 225921 0
3 225921 0
4 225921 0
3 226165 700
4 226165 700
5 226165 700
2 227171 300
4 227171 300
1 227658 250
3 227658 250
2 228216 250
4 228216 250
2 228622 250
5 228622 250
3 229098 250
5 229098 250
2 229609 250
4 229609 250
3 230062 250
5 230062 250
4 230526 300
5 230526 300

2 231083 300
4 231083 300
3 231501 400
2 232024 400
1 232476 400
3 232952 300
5 232952 300
4 233498 50 
1 233695 0
1 233823 0
4 233951 600
5 233951 600
3 234891 0
5 234891 0
3 235147 0
5 235147 0
4 235414 0
3 235634 0
3 235750 0
2 236017 0
2 236157 0
1 236389 0
2 236633 0
3 236888 0
5 236888 0
3 237109 0
5 237109 0
4 237353 0
3 237608 0
3 237724 0
2 237991 0
2 238142 0
1 238363 0
2 238595 0
2 238815 300
4 238815 300
3 239303 400
2 239756 400
1 240255 400
3 240708 300
5 240708 300
4 241219 400
3 241683 400
2 242171 400
3 242658 0
5 242658 0
3 242902 0
5 242902 0
4 243192 0
3 243378 0
3 243506 0
2 243761 0
2 243901 0
1 244144 0
2 244365 0
3 244620 0
5 244620 0
3 244853 0
5 244853 0
4 245120 0
3 245340 0
3 245468 0
2 245747 0
2 245863 0
1 246095 0
2 246327 0
2 246579 300
4 246579 300
3 247066 400
2 247496 400
1 247983 400
3 248436 300
5 248436 300
4 248982 50
1 249168 0
1 249319 0
4 249435 600
5 249435 600
3 250352 0
5 250352 0
3 250619 0
5 250619 0
4 250851 0
3 251095 0
3 251211 0
2 251490 0
2 251606 0
1 251873 0
2 252105 0
3 252326 0
5 252326 0
3 252558 0
5 252558 0
4 252802 0
3 253011 0
3 253138 0
2 253417 0
2 253556 0
1 253788 0
2 253986 0
2 254253 300
4 254253 300
3 254706 400
2 255158 400
1 255588 400
3 256076 300
5 256076 300
4 256563 50
1 256795 0
1 256923 0
4 257086 600
5 257086 600
4 257991 100
5 257991 100
3 258339 200
5 258339 200
2 258734 100
4 258734 100
1 259199 100
4 259199 100
1 259466 0
3 259466 0
1 259686 100
2 259686 100
1 259976 100
4 259976 100
1 260429 100
3 260429 100
1 260824 0
2 260824 0
1 261776 8500
3 261776 8500
5 261776 8500 
